1 1067 391
2 1063 391
3 1063 391
4 1063 391
5 1063 391
6 1063 391
7 1063 391
8 1063 391
9 1063 391
10 1063 391
11 1063 391
12 1065 393
13 1065 393
14 1066 393
15 1066 393
16 1066 393
17 1066 393
18 1068 393
19 1068 393
20 1069 393
21 1069 393
22 1069 393
23 1069 393
24 1069 393
25 1069 393
26 1069 393
27 1069 393
28 1069 393
29 1069 393
30 1011 383
31 900 351
32 835 348
33 723 328
34 618 293
35 520 265
36 467 246
37 440 239
38 410 236
39 365 229
40 335 223
41 307 221
42 285 209
43 258 203
44 252 203
45 252 204
46 252 204
47 253 204
48 253 204
49 255 204
50 257 205
51 257 205
52 257 205
53 257 205
54 257 205
55 257 205
56 257 205
57 257 205
58 257 205
59 257 205
60 254 205
61 254 205
62 254 205
63 254 205
64 254 205
65 254 205
66 254 205
67 254 205
68 254 205
69 254 205
