1 91 85
2 120 108
3 247 210
4 341 311
5 372 400
6 375 490
7 382 571
8 400 631
9 418 661
10 425 673
11 425 679
12 420 678
13 418 678
14 425 678
15 432 684
16 444 663
17 452 649
18 461 669
19 467 661
20 471 629
21 501 652
22 519 651
23 533 623
24 548 598
25 563 576
26 577 555
27 592 534
28 607 513
29 622 492
30 637 471
31 772 602
32 803 693
33 801 709
34 796 704
35 789 699
36 784 679
37 780 658
38 776 641
39 612 670
40 523 676
41 490 678
42 465 682
43 441 689
44 424 673
45 420 643
46 420 604
47 423 559
48 427 531
49 428 516
50 426 516
51 429 532
52 433 557
53 435 597
54 437 653
55 435 704
56 432 753
57 431 801
58 429 849
59 452 746
60 462 634
61 468 552
62 472 493
63 479 443
64 483 401
65 482 364
66 480 332
67 473 300
68 463 276
69 455 267
70 447 274
71 449 302
72 449 340
73 455 386
74 473 442
75 508 505
76 537 572
77 567 628
78 639 647
79 672 610
80 693 567
81 714 529
82 735 496
83 754 468
84 768 444
85 781 425
86 790 414
87 794 410
88 792 410
89 786 415
90 775 428
91 758 445
92 733 473
93 690 520
94 650 569
95 607 619
96 572 664
97 511 641
98 472 593
99 445 544
100 427 508
101 412 475
102 393 444
103 377 410
104 369 380
105 358 357
106 349 340
107 344 329
108 343 325
109 340 325
110 343 331
111 351 347
112 364 372
113 382 404
114 403 441
115 428 487
116 467 543
117 506 600
118 549 654
119 573 699
120 645 657
121 682 605
122 706 569
123 726 535
124 742 505
125 752 480
126 755 461
127 751 451
128 740 468
129 710 496
130 656 550
131 604 613
132 552 680
133 509 683
134 470 633
135 442 582
136 427 535
137 418 493
138 414 452
139 417 418
140 425 391
141 433 378
142 438 382
143 436 402
144 435 436
145 431 480
146 427 530
147 424 598
148 422 665
149 417 678
150 418 628
151 411 564
152 411 517
153 413 476
154 413 443
155 412 416
156 412 390
157 409 366
158 404 341
159 397 319
160 390 300
161 386 290
162 383 294
163 384 314
164 387 346
165 394 389
166 409 441
167 435 497
168 469 564
169 508 625
170 549 682
171 623 668
172 660 615
173 682 564
174 705 519
175 729 479
176 747 439
177 761 407
178 776 381
179 790 363
180 801 347
181 809 336
182 812 335
183 810 342
184 802 358
185 784 390
186 760 438
187 726 499
188 688 556
189 648 613
190 616 679
191 548 652
192 518 589
193 494 537
194 478 487
195 462 441
196 448 399
197 434 359
198 420 322
199 413 286
200 409 255
201 408 230
202 409 210
203 414 198
204 421 188
205 433 189
206 440 197
207 448 216
208 457 241
209 462 272
210 463 313
211 464 370
212 463 442
213 448 544
214 435 642
215 425 653
216 416 587
217 411 506
218 408 446
219 414 406
220 424 379
221 440 362
222 464 353
223 492 350
224 525 350
225 541 344
226 543 332
227 532 316
228 519 293
229 505 265
230 496 237
231 493 211
232 488 185
233 483 159
234 475 140
235 464 128
236 453 114
237 443 109
238 441 105
239 451 95
240 464 80
241 477 70
242 495 63
243 509 64
244 526 67
245 545 76
246 565 89
247 582 106
248 603 132
249 626 172
250 646 209
251 656 244
252 657 279
253 655 311
254 645 340
255 635 371
256 604 395
257 562 388
258 514 351
259 471 312
260 442 281
261 424 257
262 412 251
263 400 263
264 388 294
265 371 345
266 358 416
267 351 502
268 355 609
269 365 650
270 379 590
271 383 495
272 393 419
273 418 374
274 443 332
275 467 288
276 490 243
277 585 219
278 648 203
279 671 194
280 662 194
281 633 192
282 582 207
283 524 229
284 475 247
285 430 263
286 399 274
287 376 292
288 359 319
289 344 356
290 335 412
291 333 481
292 325 579
293 323 670
294 320 712
295 321 675
296 317 604
297 324 531
298 329 487
299 340 456
300 357 433
301 386 404
302 418 381
303 431 359
304 429 332
305 423 291
306 417 245
307 416 212
308 417 181
309 413 144
310 400 119
311 392 99
312 382 86
313 373 76
314 366 74
315 364 83
316 351 97
317 341 111
318 332 123
319 323 133
320 313 142
321 306 147
322 286 158
323 265 152
324 237 131
325 202 103
326 163 71
327 123 47
328 58 50
329 17 44
