1 128 111
2 249 243
3 346 344
4 381 425
5 383 518
6 382 604
7 400 672
8 415 706
9 423 713
10 434 714
11 429 707
12 448 707
13 446 697
14 440 691
15 433 692
16 428 697
17 436 697
18 447 690
19 479 698
20 504 688
21 523 665
22 545 659
23 548 613
24 549 563
25 553 517
26 557 472
27 562 428
28 566 384
29 571 340
30 575 297
31 729 601
32 811 722
33 816 723
34 788 720
35 785 683
36 789 648
37 793 619
38 612 671
39 523 696
40 493 696
41 494 694
42 488 692
43 410 696
44 403 681
45 417 649
46 417 609
47 420 580
48 414 556
49 446 560
50 458 580
51 458 597
52 455 630
53 450 683
54 428 713
55 406 720
56 385 720
57 558 400
58 633 241
59 635 222
60 640 195
61 509 428
62 464 482
63 467 432
64 473 379
65 477 337
66 473 305
67 465 281
68 461 271
69 456 283
70 459 310
71 465 348
72 476 394
73 490 447
74 517 514
75 536 574
76 569 645
77 634 657
78 667 611
79 692 568
80 708 529
81 726 498
82 742 472
83 762 453
84 778 435
85 788 424
86 787 420
87 785 422
88 779 429
89 768 442
90 752 455
91 727 482
92 689 524
93 644 575
94 605 629
95 607 691
96 527 657
97 471 605
98 443 555
99 421 519
100 408 482
101 391 450
102 374 421
103 358 397
104 345 375
105 338 359
106 336 346
107 335 341
108 336 339
109 340 347
110 348 365
111 361 390
112 378 423
113 400 461
114 428 508
115 466 562
116 503 610
117 550 669
118 581 708
119 646 671
120 680 625
121 700 590
122 723 555
123 740 517
124 743 485
125 746 474
126 742 471
127 730 481
128 715 507
129 674 563
130 627 617
131 533 694
132 478 698
133 463 637
134 439 587
135 413 540
136 416 498
137 418 462
138 422 425
139 429 400
140 436 394
141 444 399
142 447 418
143 437 450
144 434 491
145 425 538
146 421 601
147 418 682
148 415 696
149 410 639
150 404 574
151 409 519
152 415 479
153 417 449
154 417 422
155 410 399
156 405 378
157 401 353
158 396 329
159 393 311
160 390 308
161 398 309
162 377 333
163 380 366
164 395 406
165 410 458
166 433 514
167 466 583
168 495 649
169 546 699
170 625 680
171 660 620
172 684 567
173 714 520
174 741 488
175 755 457
176 769 427
177 785 400
178 791 379
179 809 361
180 821 347
181 822 343
182 822 362
183 815 384
184 798 417
185 747 455
186 707 516
187 689 580
188 650 637
189 615 694
190 550 654
191 520 594
192 499 543
193 483 487
194 469 440
195 452 400
196 438 361
197 426 331
198 418 302
199 421 251
200 416 238
201 414 224
202 419 211
203 428 199
204 435 199
205 444 208
206 450 226
207 455 251
208 459 285
209 463 330
210 464 387
211 464 459
212 448 551
213 433 650
214 424 660
215 418 597
216 409 519
217 408 463
218 413 424
219 424 394
220 443 374
221 466 370
222 496 368
223 528 365
224 538 360
225 538 348
226 526 331
227 509 309
228 493 287
229 486 261
230 487 230
231 481 199
232 479 167
233 477 141
234 466 133
235 461 129
236 450 124
237 448 121
238 459 114
239 471 101
240 477 91
241 497 82
242 518 84
243 535 87
244 552 95
245 575 106
246 586 124
247 604 152
248 626 186
249 639 222
250 650 259
251 652 289
252 648 320
253 651 349
254 637 389
255 603 409
256 556 399
257 509 368
258 464 329
259 438 297
260 421 274
261 415 272
262 410 285
263 404 293
264 369 348
265 372 424
266 382 509
267 358 619
268 375 657
269 392 607
270 391 519
271 395 441
272 418 375
273 442 312
274 465 249
275 486 186
276 588 217
277 651 221
278 671 213
279 663 210
280 628 208
281 582 222
282 516 243
283 451 263
284 422 273
285 397 283
286 372 298
287 357 325
288 340 369
289 327 423
290 314 491
291 317 578
292 322 678
293 324 720
294 323 708
295 324 612
296 325 540
297 332 493
298 347 462
299 363 434
300 387 411
301 419 390
302 423 368
303 421 335
304 417 293
305 412 242
306 406 220
307 411 189
308 413 157
309 410 142
310 392 117
311 382 99
312 374 93
313 368 93
314 357 109
315 346 116
316 342 121
317 336 130
318 328 138
319 322 147
320 307 154
321 282 163
322 260 161
323 239 144
324 202 120
325 166 97
326 105 74
327 55 57
328 14 46
