1 1058 398
2 1061 395
3 1062 394
4 1062 395
5 1062 395
6 1063 396
7 1063 396
8 1063 396
9 1063 396
10 1063 396
11 1063 395
12 1063 394
13 1062 394
14 1062 394
15 1062 394
16 1062 395
17 1062 396
18 1062 396
19 1062 396
20 1062 396
21 1063 396
22 1063 396
23 1063 396
24 1064 396
25 1064 395
26 1064 395
27 1064 395
28 1064 395
29 1065 395
30 1010 389
31 912 366
32 817 342
33 729 320
34 643 299
35 558 279
36 472 258
37 387 237
38 375 240
39 363 237
40 336 230
41 306 223
42 282 216
43 257 211
44 248 209
45 248 210
46 250 209
47 252 209
48 252 209
49 253 209
50 254 208
51 254 209
52 254 210
53 254 210
54 255 210
55 255 210
56 255 210
57 255 210
58 256 210
59 256 210
60 256 209
61 256 209
62 257 209
63 257 210
64 258 211
65 258 211
66 259 211
67 259 211
68 260 211
69 260 211
